# Blender v2.79 (sub 0) OBJ File: 'sumo ring.blend'
# www.blender.org
mtllib su5.mtl
o Plane.004_Plane.008
v -2.021338 0.293933 2.537446
v 1.998926 0.236636 2.517472
v -1.450301 0.280710 1.999419
v 1.553670 0.246682 1.986830
vn 0.0130 0.9999 -0.0014
usemtl None
s off
f 1//1 2//1 4//1 3//1
o Plane.003_Plane.007
v -1.463113 0.249899 -1.975823
v 1.521496 0.242722 -1.975823
v -2.039005 0.282120 -2.480923
v 2.053989 0.251795 -2.444196
v -2.541678 0.260967 2.023704
v -1.981969 0.260967 1.416507
v -2.599912 0.269860 -2.018867
v -2.007365 0.260967 -1.466993
vn 0.0051 0.9991 0.0422
vn 0.0078 1.0000 0.0012
usemtl None
s off
f 5//2 6//2 8//2 7//2
f 9//3 10//3 12//3 11//3
o Cylinder.015_Cylinder.017
v 2.036831 -0.240462 -2.459481
v 2.036831 0.249538 -2.459481
v 2.056831 -0.240462 -2.439481
v 2.056831 0.249538 -2.439481
v 2.036831 -0.240462 -2.419481
v 2.036831 0.249538 -2.419481
v 2.016831 -0.240462 -2.439481
v 2.016831 0.249538 -2.439481
vn 0.7071 0.0000 -0.7071
vn 0.7071 0.0000 0.7071
vn 0.0000 1.0000 0.0000
vn -0.7071 0.0000 0.7071
vn -0.7071 0.0000 -0.7071
vn 0.0000 -1.0000 0.0000
usemtl None
s off
f 13//4 14//4 16//4 15//4
f 15//5 16//5 18//5 17//5
f 16//6 14//6 20//6 18//6
f 17//7 18//7 20//7 19//7
f 19//8 20//8 14//8 13//8
f 13//9 15//9 17//9 19//9
o Cylinder.014_Cylinder.016
v -2.011834 -0.213093 -2.492764
v -2.011834 0.276907 -2.492764
v -1.991834 -0.213093 -2.472764
v -1.991834 0.276907 -2.472764
v -2.011834 -0.213093 -2.452764
v -2.011834 0.276907 -2.452764
v -2.031834 -0.213093 -2.472764
v -2.031834 0.276907 -2.472764
vn 0.7071 0.0000 -0.7071
vn 0.7071 0.0000 0.7071
vn 0.0000 1.0000 0.0000
vn -0.7071 0.0000 0.7071
vn -0.7071 0.0000 -0.7071
vn 0.0000 -1.0000 0.0000
usemtl None
s off
f 21//10 22//10 24//10 23//10
f 23//11 24//11 26//11 25//11
f 24//12 22//12 28//12 26//12
f 25//13 26//13 28//13 27//13
f 27//14 28//14 22//14 21//14
f 21//15 23//15 25//15 27//15
o Cylinder.013_Cylinder.015
v -2.586647 -0.223898 -2.012581
v -2.586647 0.266102 -2.012581
v -2.566647 -0.223898 -1.992581
v -2.566647 0.266102 -1.992581
v -2.586647 -0.223898 -1.972581
v -2.586647 0.266102 -1.972581
v -2.606647 -0.223898 -1.992581
v -2.606647 0.266102 -1.992581
vn 0.7071 0.0000 -0.7071
vn 0.7071 0.0000 0.7071
vn 0.0000 1.0000 0.0000
vn -0.7071 0.0000 0.7071
vn -0.7071 0.0000 -0.7071
vn 0.0000 -1.0000 0.0000
usemtl None
s off
f 29//16 30//16 32//16 31//16
f 31//17 32//17 34//17 33//17
f 32//18 30//18 36//18 34//18
f 33//19 34//19 36//19 35//19
f 35//20 36//20 30//20 29//20
f 29//21 31//21 33//21 35//21
o Cylinder.012_Cylinder.014
v -2.514316 -0.239786 1.987945
v -2.514316 0.250214 1.987945
v -2.494316 -0.239786 2.007945
v -2.494316 0.250214 2.007945
v -2.514316 -0.239786 2.027945
v -2.514316 0.250214 2.027945
v -2.534316 -0.239786 2.007945
v -2.534316 0.250214 2.007945
vn 0.7071 0.0000 -0.7071
vn 0.7071 0.0000 0.7071
vn 0.0000 1.0000 0.0000
vn -0.7071 0.0000 0.7071
vn -0.7071 0.0000 -0.7071
vn 0.0000 -1.0000 0.0000
usemtl None
s off
f 37//22 38//22 40//22 39//22
f 39//23 40//23 42//23 41//23
f 40//24 38//24 44//24 42//24
f 41//25 42//25 44//25 43//25
f 43//26 44//26 38//26 37//26
f 37//27 39//27 41//27 43//27
o Cylinder.011_Cylinder.013
v -2.002261 -0.204543 2.503427
v -2.002261 0.285457 2.503427
v -1.982261 -0.204543 2.523427
v -1.982261 0.285457 2.523427
v -2.002261 -0.204543 2.543427
v -2.002261 0.285457 2.543427
v -2.022261 -0.204543 2.523427
v -2.022261 0.285457 2.523427
vn 0.7071 0.0000 -0.7071
vn 0.7071 0.0000 0.7071
vn 0.0000 1.0000 0.0000
vn -0.7071 0.0000 0.7071
vn -0.7071 0.0000 -0.7071
vn 0.0000 -1.0000 0.0000
usemtl None
s off
f 45//28 46//28 48//28 47//28
f 47//29 48//29 50//29 49//29
f 48//30 46//30 52//30 50//30
f 49//31 50//31 52//31 51//31
f 51//32 52//32 46//32 45//32
f 45//33 47//33 49//33 51//33
o Cylinder.010_Cylinder.012
v 1.995944 -0.252575 2.498446
v 1.995944 0.237425 2.498446
v 2.015944 -0.252575 2.518446
v 2.015944 0.237425 2.518446
v 1.995944 -0.252575 2.538446
v 1.995944 0.237425 2.538446
v 1.975944 -0.252575 2.518446
v 1.975944 0.237425 2.518446
vn 0.7071 0.0000 -0.7071
vn 0.7071 0.0000 0.7071
vn 0.0000 1.0000 0.0000
vn -0.7071 0.0000 0.7071
vn -0.7071 0.0000 -0.7071
vn 0.0000 -1.0000 0.0000
usemtl None
s off
f 53//34 54//34 56//34 55//34
f 55//35 56//35 58//35 57//35
f 56//36 54//36 60//36 58//36
f 57//37 58//37 60//37 59//37
f 59//38 60//38 54//38 53//38
f 53//39 55//39 57//39 59//39
o Cylinder.009_Cylinder.011
v 2.551770 -0.243070 -2.032404
v 2.551770 0.246930 -2.032404
v 2.571770 -0.243070 -2.012404
v 2.571770 0.246930 -2.012404
v 2.551770 -0.243070 -1.992404
v 2.551770 0.246930 -1.992404
v 2.531770 -0.243070 -2.012404
v 2.531770 0.246930 -2.012404
vn 0.7071 0.0000 -0.7071
vn 0.7071 0.0000 0.7071
vn 0.0000 1.0000 0.0000
vn -0.7071 0.0000 0.7071
vn -0.7071 0.0000 -0.7071
vn 0.0000 -1.0000 0.0000
usemtl None
s off
f 61//40 62//40 64//40 63//40
f 63//41 64//41 66//41 65//41
f 64//42 62//42 68//42 66//42
f 65//43 66//43 68//43 67//43
f 67//44 68//44 62//44 61//44
f 61//45 63//45 65//45 67//45
o Cylinder.008_Cylinder.010
v 2.506915 -0.235384 1.970898
v 2.506915 0.254616 1.970898
v 2.526915 -0.235384 1.990898
v 2.526915 0.254616 1.990898
v 2.506915 -0.235384 2.010898
v 2.506915 0.254616 2.010898
v 2.486915 -0.235384 1.990898
v 2.486915 0.254616 1.990898
vn 0.7071 0.0000 -0.7071
vn 0.7071 0.0000 0.7071
vn 0.0000 1.0000 0.0000
vn -0.7071 0.0000 0.7071
vn -0.7071 0.0000 -0.7071
vn 0.0000 -1.0000 0.0000
usemtl None
s off
f 69//46 70//46 72//46 71//46
f 71//47 72//47 74//47 73//47
f 72//48 70//48 76//48 74//48
f 73//49 74//49 76//49 75//49
f 75//50 76//50 70//50 69//50
f 69//51 71//51 73//51 75//51
o Plane.002_Plane.005
v 1.996926 0.268783 1.505903
v 2.516974 0.259775 2.011897
v 1.959889 0.230811 -1.484012
v 2.569478 0.251049 -2.041622
vn -0.0102 0.9999 -0.0067
usemtl None
s off
f 77//52 78//52 80//52 79//52
o Cylinder.007_Cylinder.009
v -2.017779 -0.229364 -1.473761
v -2.017779 0.260636 -1.473761
v -1.997779 -0.229364 -1.453761
v -1.997779 0.260636 -1.453761
v -2.017779 -0.229364 -1.433761
v -2.017779 0.260636 -1.433761
v -2.037779 -0.229364 -1.453761
v -2.037779 0.260636 -1.453761
vn 0.7071 0.0000 -0.7071
vn 0.7071 0.0000 0.7071
vn 0.0000 1.0000 0.0000
vn -0.7071 0.0000 0.7071
vn -0.7071 0.0000 -0.7071
vn 0.0000 -1.0000 0.0000
usemtl None
s off
f 81//53 82//53 84//53 83//53
f 83//54 84//54 86//54 85//54
f 84//55 82//55 88//55 86//55
f 85//56 86//56 88//56 87//56
f 87//57 88//57 82//57 81//57
f 81//58 83//58 85//58 87//58
o Cylinder.006_Cylinder.008
v -1.455379 -0.239233 -2.038036
v -1.455379 0.250767 -2.038036
v -1.435379 -0.239233 -2.018036
v -1.435379 0.250767 -2.018036
v -1.455379 -0.239233 -1.998036
v -1.455379 0.250767 -1.998036
v -1.475379 -0.239233 -2.018036
v -1.475379 0.250767 -2.018036
vn 0.7071 0.0000 -0.7071
vn 0.7071 0.0000 0.7071
vn 0.0000 1.0000 0.0000
vn -0.7071 0.0000 0.7071
vn -0.7071 0.0000 -0.7071
vn 0.0000 -1.0000 0.0000
usemtl None
s off
f 89//59 90//59 92//59 91//59
f 91//60 92//60 94//60 93//60
f 92//61 90//61 96//61 94//61
f 93//62 94//62 96//62 95//62
f 95//63 96//63 90//63 89//63
f 89//64 91//64 93//64 95//64
o Cylinder.005_Cylinder.007
v 2.000629 -0.272436 -1.507917
v 2.000629 0.217564 -1.507917
v 2.020629 -0.272436 -1.487917
v 2.020629 0.217564 -1.487917
v 2.000629 -0.272436 -1.467917
v 2.000629 0.217564 -1.467917
v 1.980629 -0.272436 -1.487917
v 1.980629 0.217564 -1.487917
vn 0.7071 0.0000 -0.7071
vn 0.7071 0.0000 0.7071
vn 0.0000 1.0000 0.0000
vn -0.7071 0.0000 0.7071
vn -0.7071 0.0000 -0.7071
vn 0.0000 -1.0000 0.0000
usemtl None
s off
f 97//65 98//65 100//65 99//65
f 99//66 100//66 102//66 101//66
f 100//67 98//67 104//67 102//67
f 101//68 102//68 104//68 103//68
f 103//69 104//69 98//69 97//69
f 97//70 99//70 101//70 103//70
o Cylinder.004_Cylinder.006
v 1.995309 -0.228801 1.452856
v 1.995309 0.261199 1.452856
v 2.015309 -0.228801 1.472856
v 2.015309 0.261199 1.472856
v 1.995309 -0.228801 1.492856
v 1.995309 0.261199 1.492856
v 1.975309 -0.228801 1.472856
v 1.975309 0.261199 1.472856
vn 0.7071 0.0000 -0.7071
vn 0.7071 0.0000 0.7071
vn 0.0000 1.0000 0.0000
vn -0.7071 0.0000 0.7071
vn -0.7071 0.0000 -0.7071
vn 0.0000 -1.0000 -0.0000
usemtl None
s off
f 105//71 106//71 108//71 107//71
f 107//72 108//72 110//72 109//72
f 108//73 106//73 112//73 110//73
f 109//74 110//74 112//74 111//74
f 111//75 112//75 106//75 105//75
f 105//76 107//76 109//76 111//76
o Cylinder.003_Cylinder.005
v 1.510749 -0.249160 -2.015759
v 1.510749 0.240840 -2.015759
v 1.530749 -0.249160 -1.995759
v 1.530749 0.240840 -1.995759
v 1.510749 -0.249160 -1.975760
v 1.510749 0.240840 -1.975760
v 1.490749 -0.249160 -1.995759
v 1.490749 0.240840 -1.995759
vn 0.7071 0.0000 -0.7071
vn 0.7071 0.0000 0.7071
vn 0.0000 1.0000 0.0000
vn -0.7071 0.0000 0.7071
vn -0.7071 0.0000 -0.7071
vn 0.0000 -1.0000 0.0000
usemtl None
s off
f 113//77 114//77 116//77 115//77
f 115//78 116//78 118//78 117//78
f 116//79 114//79 120//79 118//79
f 117//80 118//80 120//80 119//80
f 119//81 120//81 114//81 113//81
f 113//82 115//82 117//82 119//82
o Cylinder.002_Cylinder.004
v -1.999680 -0.224129 1.382257
v -1.999680 0.265872 1.382257
v -1.979680 -0.224129 1.402257
v -1.979680 0.265872 1.402257
v -1.999680 -0.224129 1.422257
v -1.999680 0.265872 1.422257
v -2.019680 -0.224129 1.402257
v -2.019680 0.265872 1.402257
vn 0.7071 0.0000 -0.7071
vn 0.7071 0.0000 0.7071
vn 0.0000 1.0000 0.0000
vn -0.7071 0.0000 0.7071
vn -0.7071 0.0000 -0.7071
vn 0.0000 -1.0000 0.0000
usemtl None
s off
f 121//83 122//83 124//83 123//83
f 123//84 124//84 126//84 125//84
f 124//85 122//85 128//85 126//85
f 125//86 126//86 128//86 127//86
f 127//87 128//87 122//87 121//87
f 121//88 123//88 125//88 127//88
o Cylinder.001_Cylinder.003
v -1.446387 -0.222925 1.986119
v -1.446387 0.267075 1.986119
v -1.426387 -0.222925 2.006119
v -1.426387 0.267075 2.006119
v -1.446387 -0.222925 2.026119
v -1.446387 0.267075 2.026119
v -1.466387 -0.222925 2.006119
v -1.466387 0.267075 2.006119
vn 0.7071 0.0000 -0.7071
vn 0.7071 0.0000 0.7071
vn 0.0000 1.0000 0.0000
vn -0.7071 0.0000 0.7071
vn -0.7071 0.0000 -0.7071
vn 0.0000 -1.0000 0.0000
usemtl None
s off
f 129//89 130//89 132//89 131//89
f 131//90 132//90 134//90 133//90
f 132//91 130//91 136//91 134//91
f 133//92 134//92 136//92 135//92
f 135//93 136//93 130//93 129//93
f 129//94 131//94 133//94 135//94
o Cylinder_Cylinder.002
v 1.539151 -0.244993 1.986119
v 1.539151 0.245007 1.986119
v 1.559151 -0.244993 2.006119
v 1.559151 0.245007 2.006119
v 1.539151 -0.244993 2.026119
v 1.539151 0.245007 2.026119
v 1.519151 -0.244993 2.006119
v 1.519151 0.245007 2.006119
vn 0.7071 0.0000 -0.7071
vn 0.7071 0.0000 0.7071
vn 0.0000 1.0000 0.0000
vn -0.7071 0.0000 0.7071
vn -0.7071 0.0000 -0.7071
vn 0.0000 -1.0000 0.0000
usemtl None
s off
f 137//95 138//95 140//95 139//95
f 139//96 140//96 142//96 141//96
f 140//97 138//97 144//97 142//97
f 141//98 142//98 144//98 143//98
f 143//99 144//99 138//99 137//99
f 137//100 139//100 141//100 143//100
o Torus.001
v 0.957820 0.185871 -0.025841
v 0.943941 0.209910 -0.025841
v 0.916182 0.209910 -0.025841
v 0.902303 0.185871 -0.025841
v 0.916182 0.161831 -0.025841
v 0.943941 0.161831 -0.025841
v 0.733304 0.185871 -0.642694
v 0.722672 0.209910 -0.633772
v 0.701407 0.209910 -0.615929
v 0.690775 0.185871 -0.607008
v 0.701407 0.161831 -0.615929
v 0.722672 0.161831 -0.633772
v 0.164809 0.185871 -0.970914
v 0.162399 0.209910 -0.957246
v 0.157579 0.209910 -0.929909
v 0.155169 0.185871 -0.916240
v 0.157579 0.161831 -0.929909
v 0.162399 0.161831 -0.957246
v -0.481658 0.185871 -0.856924
v -0.474719 0.209910 -0.844905
v -0.460840 0.209910 -0.820865
v -0.453900 0.185871 -0.808845
v -0.460840 0.161831 -0.820865
v -0.474719 0.161831 -0.844905
v -0.903611 0.185871 -0.354062
v -0.890568 0.209910 -0.349315
v -0.864484 0.209910 -0.339821
v -0.851442 0.185871 -0.335074
v -0.864484 0.161831 -0.339821
v -0.890568 0.161831 -0.349315
v -0.903611 0.185871 0.302379
v -0.890569 0.209910 0.297632
v -0.864484 0.209910 0.288138
v -0.851442 0.185871 0.283391
v -0.864484 0.161831 0.288138
v -0.890569 0.161831 0.297632
v -0.481658 0.185871 0.805242
v -0.474719 0.209910 0.793223
v -0.460840 0.209910 0.769183
v -0.453900 0.185871 0.757163
v -0.460840 0.161831 0.769183
v -0.474719 0.161831 0.793223
v 0.164809 0.185871 0.919232
v 0.162399 0.209910 0.905564
v 0.157579 0.209910 0.878227
v 0.155169 0.185871 0.864558
v 0.157579 0.161831 0.878227
v 0.162399 0.161831 0.905564
v 0.733304 0.185871 0.591012
v 0.722672 0.209910 0.582090
v 0.701407 0.209910 0.564247
v 0.690775 0.185871 0.555326
v 0.701407 0.161831 0.564247
v 0.722672 0.161831 0.582090
vt 0.847427 0.565931
vt 0.394448 0.565930
vt 0.400999 0.548277
vt 0.847427 0.548277
vt 0.920443 0.475498
vt 0.920443 0.000420
vt 0.939598 0.007392
vt 0.939598 0.468526
vt 0.827773 0.584423
vt 0.394448 0.584423
vt 0.400999 0.602076
vt 0.827773 0.602076
vt 0.394448 0.619730
vt 0.827773 0.619730
vt 0.899609 0.944444
vt 0.899609 0.483309
vt 0.880454 0.476337
vt 0.880454 0.951416
vt 0.847427 0.583584
vt 0.400999 0.583584
vt 0.394448 0.710514
vt 0.811915 0.710514
vt 0.813685 0.692861
vt 0.402255 0.692861
vt 0.980425 0.475498
vt 0.980425 0.000420
vt 0.999580 0.007392
vt 0.999580 0.468526
vt 0.795572 0.764313
vt 0.396217 0.764313
vt 0.394448 0.746660
vt 0.787764 0.746660
vt 0.396217 0.729007
vt 0.795572 0.729007
vt 0.999580 0.944444
vt 0.999580 0.483309
vt 0.980425 0.476337
vt 0.980425 0.951415
vt 0.402255 0.728167
vt 0.813685 0.728167
vt 0.412101 0.475146
vt 0.412101 0.000420
vt 0.394448 0.005516
vt 0.394448 0.473376
vt 0.880454 0.475498
vt 0.880454 0.000420
vt 0.899609 0.007391
vt 0.899609 0.468526
vt 0.394448 0.512131
vt 0.848576 0.512132
vt 0.843480 0.529785
vt 0.396217 0.529785
vt 0.848576 0.547438
vt 0.394448 0.547438
vt 0.879615 0.468526
vt 0.879615 0.007391
vt 0.860460 0.000420
vt 0.860460 0.475498
vt 0.429754 0.473376
vt 0.429754 0.005516
vt 0.394448 0.818951
vt 0.763719 0.818951
vt 0.767205 0.801298
vt 0.403274 0.801298
vt 0.940437 0.951416
vt 0.940437 0.476337
vt 0.959592 0.483309
vt 0.959592 0.944444
vt 0.859620 0.035726
vt 0.506371 0.035726
vt 0.502885 0.018073
vt 0.850794 0.018073
vt 0.506371 0.000420
vt 0.859620 0.000420
vt 0.979586 0.944444
vt 0.979586 0.483309
vt 0.960431 0.476337
vt 0.960431 0.951416
vt 0.403274 0.836605
vt 0.767205 0.836605
vt 0.375955 0.851742
vt 0.375955 0.369692
vt 0.358302 0.373177
vt 0.358302 0.848256
vt 0.341847 0.893275
vt 0.179361 0.446847
vt 0.199745 0.446847
vt 0.357462 0.880172
vt 0.000420 0.894114
vt 0.461554 0.894114
vt 0.458069 0.911768
vt 0.003906 0.911768
vt 0.461554 0.929421
vt 0.000420 0.929421
vt 0.178521 0.880172
vt 0.020804 0.446847
vt 0.000420 0.446847
vt 0.162906 0.893275
vt 0.393608 0.848256
vt 0.393608 0.373177
vt 0.375955 0.000420
vt 0.358302 0.009246
vt 0.341847 0.000420
vt 0.357462 0.013522
vt 0.814804 0.894114
vt 0.805978 0.911768
vt 0.814804 0.929421
vt 0.178521 0.013522
vt 0.162906 0.000420
vt 0.393608 0.009246
vt 0.448247 0.000420
vt 0.448247 0.475146
vt 0.430593 0.473376
vt 0.430593 0.005516
vt 0.900448 0.951415
vt 0.900448 0.476337
vt 0.919603 0.483309
vt 0.919603 0.944444
vt 0.848577 0.475986
vt 0.394448 0.475986
vt 0.396217 0.493639
vt 0.843480 0.493639
vt 0.394448 0.511292
vt 0.848577 0.511292
vt 0.939598 0.944444
vt 0.939598 0.483309
vt 0.920443 0.476337
vt 0.920443 0.951416
vt 0.465900 0.005516
vt 0.465900 0.473376
vt 0.811915 0.674368
vt 0.394448 0.674368
vt 0.402255 0.656715
vt 0.813685 0.656715
vt 0.979586 0.000420
vt 0.979586 0.475498
vt 0.960431 0.468526
vt 0.960431 0.007392
vt 0.396217 0.800459
vt 0.795572 0.800459
vt 0.787764 0.782806
vt 0.394448 0.782806
vt 0.795572 0.765152
vt 0.396217 0.765152
vt 0.940437 0.007392
vt 0.940437 0.468526
vt 0.959592 0.475498
vt 0.959592 0.000420
vt 0.813685 0.692021
vt 0.402255 0.692021
vt 0.484392 0.000420
vt 0.484392 0.453399
vt 0.466739 0.453399
vt 0.466739 0.006971
vt 0.900448 0.475498
vt 0.900448 0.000420
vt 0.919603 0.007392
vt 0.919603 0.468526
vt 0.827772 0.620569
vt 0.394448 0.620569
vt 0.394448 0.638222
vt 0.821221 0.638222
vt 0.394448 0.655875
vt 0.827772 0.655875
vt 0.879615 0.944444
vt 0.879615 0.483309
vt 0.860460 0.476337
vt 0.860460 0.951416
vt 0.502046 0.006971
vt 0.502046 0.453399
vn 0.8260 0.4769 -0.3006
vn 0.0000 1.0000 0.0000
vn -0.8260 0.4769 0.3006
vn -0.8260 -0.4769 0.3006
vn 0.0000 -1.0000 0.0000
vn 0.8260 -0.4769 -0.3006
vn 0.4395 0.4769 -0.7612
vn -0.4395 0.4769 0.7612
vn -0.4395 -0.4769 0.7612
vn 0.4395 -0.4769 -0.7612
vn -0.1526 0.4769 -0.8656
vn 0.1526 0.4769 0.8656
vn 0.1526 -0.4769 0.8656
vn -0.1526 -0.4769 -0.8656
vn -0.6733 0.4769 -0.5650
vn 0.6733 0.4769 0.5650
vn 0.6733 -0.4769 0.5650
vn -0.6733 -0.4769 -0.5650
vn -0.8790 0.4769 -0.0000
vn 0.8790 0.4769 0.0000
vn 0.8790 -0.4769 0.0000
vn -0.8790 -0.4769 -0.0000
vn -0.6733 0.4769 0.5650
vn 0.6733 0.4769 -0.5650
vn 0.6733 -0.4769 -0.5650
vn -0.6733 -0.4769 0.5650
vn -0.1526 0.4769 0.8656
vn 0.1526 0.4769 -0.8656
vn 0.1526 -0.4769 -0.8656
vn -0.1526 -0.4769 0.8656
vn 0.4395 0.4769 0.7612
vn -0.4395 0.4769 -0.7612
vn -0.4395 -0.4769 -0.7612
vn 0.4395 -0.4769 0.7612
vn 0.8260 0.4769 0.3006
vn -0.8260 0.4769 -0.3006
vn -0.8260 -0.4769 -0.3006
vn 0.8260 -0.4769 0.3006
usemtl Material.002
s off
f 145/1/101 151/2/101 152/3/101 146/4/101
f 146/5/102 152/6/102 153/7/102 147/8/102
f 147/9/103 153/10/103 154/11/103 148/12/103
f 148/12/104 154/11/104 155/13/104 149/14/104
f 149/15/105 155/16/105 156/17/105 150/18/105
f 150/19/106 156/20/106 151/2/106 145/1/106
f 151/21/107 157/22/107 158/23/107 152/24/107
f 152/25/102 158/26/102 159/27/102 153/28/102
f 153/29/108 159/30/108 160/31/108 154/32/108
f 154/32/109 160/31/109 161/33/109 155/34/109
f 155/35/105 161/36/105 162/37/105 156/38/105
f 156/39/110 162/40/110 157/22/110 151/21/110
f 157/41/111 163/42/111 164/43/111 158/44/111
f 158/45/102 164/46/102 165/47/102 159/48/102
f 159/49/112 165/50/112 166/51/112 160/52/112
f 160/52/113 166/51/113 167/53/113 161/54/113
f 161/55/105 167/56/105 168/57/105 162/58/105
f 162/59/114 168/60/114 163/42/114 157/41/114
f 163/61/115 169/62/115 170/63/115 164/64/115
f 164/65/102 170/66/102 171/67/102 165/68/102
f 165/69/116 171/70/116 172/71/116 166/72/116
f 166/72/117 172/71/117 173/73/117 167/74/117
f 167/75/105 173/76/105 174/77/105 168/78/105
f 168/79/118 174/80/118 169/62/118 163/61/118
f 169/81/119 175/82/119 176/83/119 170/84/119
f 170/85/102 176/86/102 177/87/102 171/88/102
f 171/89/120 177/90/120 178/91/120 172/92/120
f 172/92/121 178/91/121 179/93/121 173/94/121
f 173/95/105 179/96/105 180/97/105 174/98/105
f 174/99/122 180/100/122 175/82/122 169/81/122
f 175/82/123 181/101/123 182/102/123 176/83/123
f 176/86/102 182/103/102 183/104/102 177/87/102
f 177/90/124 183/105/124 184/106/124 178/91/124
f 178/91/125 184/106/125 185/107/125 179/93/125
f 179/96/105 185/108/105 186/109/105 180/97/105
f 180/100/126 186/110/126 181/101/126 175/82/126
f 181/111/127 187/112/127 188/113/127 182/114/127
f 182/115/102 188/116/102 189/117/102 183/118/102
f 183/119/128 189/120/128 190/121/128 184/122/128
f 184/122/129 190/121/129 191/123/129 185/124/129
f 185/125/105 191/126/105 192/127/105 186/128/105
f 186/129/130 192/130/130 187/112/130 181/111/130
f 187/131/131 193/132/131 194/133/131 188/134/131
f 188/135/102 194/136/102 195/137/102 189/138/102
f 189/139/132 195/140/132 196/141/132 190/142/132
f 190/142/133 196/141/133 197/143/133 191/144/133
f 191/145/105 197/146/105 198/147/105 192/148/105
f 192/149/134 198/150/134 193/132/134 187/131/134
f 193/151/135 145/152/135 146/153/135 194/154/135
f 194/155/102 146/156/102 147/157/102 195/158/102
f 195/159/136 147/160/136 148/161/136 196/162/136
f 196/162/137 148/161/137 149/163/137 197/164/137
f 197/165/105 149/166/105 150/167/105 198/168/105
f 198/169/138 150/170/138 145/152/138 193/151/138
o Torus
v 0.912921 0.208556 -0.025841
v 0.899691 0.231471 -0.025841
v 0.873231 0.231471 -0.025841
v 0.860001 0.208556 -0.025841
v 0.873231 0.185641 -0.025841
v 0.899691 0.185641 -0.025841
v 0.698909 0.208556 -0.613833
v 0.688775 0.231471 -0.605329
v 0.668505 0.231471 -0.588321
v 0.658370 0.208556 -0.579817
v 0.668505 0.185641 -0.588321
v 0.688775 0.185641 -0.605329
v 0.157013 0.208556 -0.926697
v 0.154715 0.231471 -0.913668
v 0.150121 0.231471 -0.887610
v 0.147823 0.208556 -0.874582
v 0.150121 0.185641 -0.887610
v 0.154715 0.185641 -0.913668
v -0.459209 0.208556 -0.818041
v -0.452594 0.231471 -0.806583
v -0.439364 0.231471 -0.783668
v -0.432749 0.208556 -0.772211
v -0.439364 0.185641 -0.783668
v -0.452594 0.185641 -0.806583
v -0.861419 0.208556 -0.338705
v -0.848987 0.231471 -0.334180
v -0.824123 0.231471 -0.325131
v -0.811691 0.208556 -0.320606
v -0.824123 0.185641 -0.325131
v -0.848987 0.185641 -0.334180
v -0.861420 0.208556 0.287023
v -0.848988 0.231471 0.282498
v -0.824123 0.231471 0.273448
v -0.811691 0.208556 0.268923
v -0.824123 0.185641 0.273448
v -0.848988 0.185641 0.282498
v -0.459209 0.208556 0.766359
v -0.452594 0.231471 0.754901
v -0.439364 0.231471 0.731986
v -0.432749 0.208556 0.720529
v -0.439364 0.185641 0.731986
v -0.452594 0.185641 0.754901
v 0.157013 0.208556 0.875015
v 0.154715 0.231471 0.861986
v 0.150121 0.231471 0.835928
v 0.147823 0.208556 0.822900
v 0.150121 0.185641 0.835928
v 0.154715 0.185641 0.861986
v 0.698909 0.208556 0.562151
v 0.688775 0.231471 0.553647
v 0.668505 0.231471 0.536639
v 0.658370 0.208556 0.528135
v 0.668505 0.185641 0.536639
v 0.688775 0.185641 0.553647
vt 0.847427 0.565931
vt 0.394448 0.565930
vt 0.400999 0.548277
vt 0.847427 0.548277
vt 0.920443 0.475498
vt 0.920443 0.000420
vt 0.939598 0.007392
vt 0.939598 0.468526
vt 0.827773 0.584423
vt 0.394448 0.584423
vt 0.400999 0.602076
vt 0.827773 0.602076
vt 0.394448 0.619730
vt 0.827773 0.619730
vt 0.899609 0.944444
vt 0.899609 0.483309
vt 0.880454 0.476337
vt 0.880454 0.951416
vt 0.847427 0.583584
vt 0.400999 0.583584
vt 0.394448 0.710514
vt 0.811915 0.710514
vt 0.813685 0.692861
vt 0.402255 0.692861
vt 0.980425 0.475498
vt 0.980425 0.000420
vt 0.999580 0.007392
vt 0.999580 0.468526
vt 0.795572 0.764313
vt 0.396217 0.764313
vt 0.394448 0.746660
vt 0.787764 0.746660
vt 0.396217 0.729007
vt 0.795572 0.729007
vt 0.999580 0.944444
vt 0.999580 0.483309
vt 0.980425 0.476337
vt 0.980425 0.951415
vt 0.402255 0.728167
vt 0.813685 0.728167
vt 0.412101 0.475146
vt 0.412101 0.000420
vt 0.394448 0.005516
vt 0.394448 0.473376
vt 0.880454 0.475498
vt 0.880454 0.000420
vt 0.899609 0.007391
vt 0.899609 0.468526
vt 0.394448 0.512131
vt 0.848576 0.512132
vt 0.843480 0.529785
vt 0.396217 0.529785
vt 0.848576 0.547438
vt 0.394448 0.547438
vt 0.879615 0.468526
vt 0.879615 0.007391
vt 0.860460 0.000420
vt 0.860460 0.475498
vt 0.429754 0.473376
vt 0.429754 0.005516
vt 0.394448 0.818951
vt 0.763719 0.818951
vt 0.767205 0.801298
vt 0.403274 0.801298
vt 0.940437 0.951416
vt 0.940437 0.476337
vt 0.959592 0.483309
vt 0.959592 0.944444
vt 0.859620 0.035726
vt 0.506371 0.035726
vt 0.502885 0.018073
vt 0.850794 0.018073
vt 0.506371 0.000420
vt 0.859620 0.000420
vt 0.979586 0.944444
vt 0.979586 0.483309
vt 0.960431 0.476337
vt 0.960431 0.951416
vt 0.403274 0.836605
vt 0.767205 0.836605
vt 0.375955 0.851742
vt 0.375955 0.369692
vt 0.358302 0.373177
vt 0.358302 0.848256
vt 0.341847 0.893275
vt 0.179361 0.446847
vt 0.199745 0.446847
vt 0.357462 0.880172
vt 0.000420 0.894114
vt 0.461554 0.894114
vt 0.458069 0.911768
vt 0.003906 0.911768
vt 0.461554 0.929421
vt 0.000420 0.929421
vt 0.178521 0.880172
vt 0.020804 0.446847
vt 0.000420 0.446847
vt 0.162906 0.893275
vt 0.393608 0.848256
vt 0.393608 0.373177
vt 0.375955 0.000420
vt 0.358302 0.009246
vt 0.341847 0.000420
vt 0.357462 0.013522
vt 0.814804 0.894114
vt 0.805978 0.911768
vt 0.814804 0.929421
vt 0.178521 0.013522
vt 0.162906 0.000420
vt 0.393608 0.009246
vt 0.448247 0.000420
vt 0.448247 0.475146
vt 0.430593 0.473376
vt 0.430593 0.005516
vt 0.900448 0.951415
vt 0.900448 0.476337
vt 0.919603 0.483309
vt 0.919603 0.944444
vt 0.848577 0.475986
vt 0.394448 0.475986
vt 0.396217 0.493639
vt 0.843480 0.493639
vt 0.394448 0.511292
vt 0.848577 0.511292
vt 0.939598 0.944444
vt 0.939598 0.483309
vt 0.920443 0.476337
vt 0.920443 0.951416
vt 0.465900 0.005516
vt 0.465900 0.473376
vt 0.811915 0.674368
vt 0.394448 0.674368
vt 0.402255 0.656715
vt 0.813685 0.656715
vt 0.979586 0.000420
vt 0.979586 0.475498
vt 0.960431 0.468526
vt 0.960431 0.007392
vt 0.396217 0.800459
vt 0.795572 0.800459
vt 0.787764 0.782806
vt 0.394448 0.782806
vt 0.795572 0.765152
vt 0.396217 0.765152
vt 0.940437 0.007392
vt 0.940437 0.468526
vt 0.959592 0.475498
vt 0.959592 0.000420
vt 0.813685 0.692021
vt 0.402255 0.692021
vt 0.484392 0.000420
vt 0.484392 0.453399
vt 0.466739 0.453399
vt 0.466739 0.006971
vt 0.900448 0.475498
vt 0.900448 0.000420
vt 0.919603 0.007392
vt 0.919603 0.468526
vt 0.827772 0.620569
vt 0.394448 0.620569
vt 0.394448 0.638222
vt 0.821221 0.638222
vt 0.394448 0.655875
vt 0.827772 0.655875
vt 0.879615 0.944444
vt 0.879615 0.483309
vt 0.860460 0.476337
vt 0.860460 0.951416
vt 0.502046 0.006971
vt 0.502046 0.453399
vn 0.8260 0.4769 -0.3006
vn 0.0000 1.0000 0.0000
vn -0.8260 0.4769 0.3006
vn -0.8260 -0.4769 0.3006
vn 0.0000 -1.0000 0.0000
vn 0.8260 -0.4769 -0.3006
vn 0.4395 0.4769 -0.7612
vn -0.4395 0.4769 0.7612
vn -0.4395 -0.4769 0.7612
vn 0.4395 -0.4769 -0.7612
vn -0.1526 0.4769 -0.8656
vn 0.1526 0.4769 0.8656
vn 0.1526 -0.4769 0.8656
vn -0.1526 -0.4769 -0.8656
vn -0.6733 0.4769 -0.5650
vn 0.6733 0.4769 0.5650
vn 0.6733 -0.4769 0.5650
vn -0.6733 -0.4769 -0.5650
vn -0.8790 0.4769 -0.0000
vn 0.8790 0.4769 0.0000
vn 0.8790 -0.4769 0.0000
vn -0.8790 -0.4769 -0.0000
vn -0.6733 0.4769 0.5650
vn 0.6733 0.4769 -0.5650
vn 0.6733 -0.4769 -0.5650
vn -0.6733 -0.4769 0.5650
vn -0.1526 0.4769 0.8656
vn 0.1526 0.4769 -0.8656
vn 0.1526 -0.4769 -0.8656
vn -0.1526 -0.4769 0.8656
vn 0.4395 0.4769 0.7612
vn -0.4395 0.4769 -0.7612
vn -0.4395 -0.4769 -0.7612
vn 0.4395 -0.4769 0.7612
vn 0.8260 0.4769 0.3006
vn -0.8260 0.4769 -0.3006
vn -0.8260 -0.4769 -0.3006
vn 0.8260 -0.4769 0.3006
usemtl Material.002
s off
f 199/171/139 205/172/139 206/173/139 200/174/139
f 200/175/140 206/176/140 207/177/140 201/178/140
f 201/179/141 207/180/141 208/181/141 202/182/141
f 202/182/142 208/181/142 209/183/142 203/184/142
f 203/185/143 209/186/143 210/187/143 204/188/143
f 204/189/144 210/190/144 205/172/144 199/171/144
f 205/191/145 211/192/145 212/193/145 206/194/145
f 206/195/140 212/196/140 213/197/140 207/198/140
f 207/199/146 213/200/146 214/201/146 208/202/146
f 208/202/147 214/201/147 215/203/147 209/204/147
f 209/205/143 215/206/143 216/207/143 210/208/143
f 210/209/148 216/210/148 211/192/148 205/191/148
f 211/211/149 217/212/149 218/213/149 212/214/149
f 212/215/140 218/216/140 219/217/140 213/218/140
f 213/219/150 219/220/150 220/221/150 214/222/150
f 214/222/151 220/221/151 221/223/151 215/224/151
f 215/225/143 221/226/143 222/227/143 216/228/143
f 216/229/152 222/230/152 217/212/152 211/211/152
f 217/231/153 223/232/153 224/233/153 218/234/153
f 218/235/140 224/236/140 225/237/140 219/238/140
f 219/239/154 225/240/154 226/241/154 220/242/154
f 220/242/155 226/241/155 227/243/155 221/244/155
f 221/245/143 227/246/143 228/247/143 222/248/143
f 222/249/156 228/250/156 223/232/156 217/231/156
f 223/251/157 229/252/157 230/253/157 224/254/157
f 224/255/140 230/256/140 231/257/140 225/258/140
f 225/259/158 231/260/158 232/261/158 226/262/158
f 226/262/159 232/261/159 233/263/159 227/264/159
f 227/265/143 233/266/143 234/267/143 228/268/143
f 228/269/160 234/270/160 229/252/160 223/251/160
f 229/252/161 235/271/161 236/272/161 230/253/161
f 230/256/140 236/273/140 237/274/140 231/257/140
f 231/260/162 237/275/162 238/276/162 232/261/162
f 232/261/163 238/276/163 239/277/163 233/263/163
f 233/266/143 239/278/143 240/279/143 234/267/143
f 234/270/164 240/280/164 235/271/164 229/252/164
f 235/281/165 241/282/165 242/283/165 236/284/165
f 236/285/140 242/286/140 243/287/140 237/288/140
f 237/289/166 243/290/166 244/291/166 238/292/166
f 238/292/167 244/291/167 245/293/167 239/294/167
f 239/295/143 245/296/143 246/297/143 240/298/143
f 240/299/168 246/300/168 241/282/168 235/281/168
f 241/301/169 247/302/169 248/303/169 242/304/169
f 242/305/140 248/306/140 249/307/140 243/308/140
f 243/309/170 249/310/170 250/311/170 244/312/170
f 244/312/171 250/311/171 251/313/171 245/314/171
f 245/315/143 251/316/143 252/317/143 246/318/143
f 246/319/172 252/320/172 247/302/172 241/301/172
f 247/321/173 199/322/173 200/323/173 248/324/173
f 248/325/140 200/326/140 201/327/140 249/328/140
f 249/329/174 201/330/174 202/331/174 250/332/174
f 250/332/175 202/331/175 203/333/175 251/334/175
f 251/335/143 203/336/143 204/337/143 252/338/143
f 252/339/176 204/340/176 199/322/176 247/321/176
o Plane.001
v -0.970422 0.209084 0.965786
v 1.029577 0.209084 0.965786
v -0.970422 0.209084 -1.034214
v 1.029577 0.209084 -1.034214
vt 0.999900 0.999900
vt 0.000100 0.999900
vt 0.000100 0.000100
vt 0.999900 0.000100
vn 0.0000 1.0000 0.0000
usemtl Material.003
s off
f 253/341/177 254/342/177 256/343/177 255/344/177
o Plane
v -7.980896 0.000000 7.980896
v 7.980896 0.000000 7.980896
v -7.980896 0.000000 -7.980896
v 7.980896 0.000000 -7.980896
vt 0.999900 0.999900
vt 0.000100 0.999900
vt 0.000100 0.000100
vt 0.999900 0.000100
vn 0.0000 1.0000 0.0000
usemtl Material.001
s off
f 257/345/178 258/346/178 260/347/178 259/348/178
